1948 157
1949 151
1950 148
1951 155
1952 153
1953 158
1954 153
1955 157
1956 135
1957 162
1958 157
1959 149
1960 149
1961 149
1962 147
1963 150
1964 158
1965 148
1966 150
1967 150
1968 159
1969 152
1970 148
1971 150
1972 164
1973 156
1974 149
1975 155
1976 148
1977 157
1978 145
1979 158
1980 156
1981 153
1982 154
1983 156
1984 150
1985 148
1986 157
1987 154
1988 158
1989 146
1990 138
1991 158
1992 164
1993 159
1994 152
1995 156
1996 150
1997 157
1998 158
1999 144
2000 144
2001 146
2002 155
2003 156
2004 141
2005 158
2006 147
2007 156
2008 149
2009 159
2010 155
2011 159
2012 152
2013 147
2014 161
2015 158
2016 161
2017 150
2018 151
2019 160
2020 156
